tests/sfo.asc
ncols        722
nrows        696
xllcorner    -123.925000000000
yllcorner    36.300000000000
cellsize     0.004166666667
NODATA_value -32767
[rows 246 to 286 of 696, columns 184 to 275 of 722]
-88 -87 -86 -85 -85 -84 -83 -81 -81 -80 -80 -79 -79 -78 -77 -75 -75 -74 -73 -72 -73 -73 -73 -71 -71 -70 -70 -71 -71 -70 -69 -68 -67 -65 -63 -61 -57 -55 -52 -48 -45 -42 -38 -30 -22 -21 -23 -19 5 67 130 166 175 129 82 55 22 15 8 -1 7 11 14 34 62 88 119 146 171 209 239 214 159 146 121 96 123 141 133 137 134 106 67 83 120 156 148 155 204 182 217 228
-89 -87 -86 -85 -85 -84 -83 -82 -81 -80 -79 -78 -78 -77 -76 -76 -75 -75 -74 -73 -73 -73 -73 -72 -71 -69 -70 -69 -71 -70 -70 -68 -67 -65 -64 -61 -58 -55 -52 -49 -46 -43 -40 -35 -29 -25 -20 -18 -6 57 123 134 135 133 127 90 49 34 26 -2 3 4 12 30 53 69 95 129 168 191 207 197 193 192 134 125 137 174 200 209 161 99 66 78 92 80 87 94 108 142 179 146
-89 -87 -86 -86 -85 -84 -83 -82 -81 -80 -80 -79 -78 -77 -76 -75 -74 -74 -73 -73 -72 -72 -73 -73 -72 -70 -69 -68 -71 -70 -70 -68 -67 -65 -64 -62 -59 -56 -53 -50 -47 -44 -41 -37 -34 -28 -23 -20 -10 39 77 91 76 86 97 99 96 59 29 12 -11 6 11 17 27 53 83 106 130 150 163 174 181 157 158 203 217 238 259 241 182 140 115 82 103 120 138 157 130 105 100 99
-89 -87 -85 -84 -83 -83 -81 -80 -79 -78 -77 -77 -76 -75 -74 -74 -73 -73 -72 -72 -72 -71 -71 -72 -70 -69 -68 -67 -71 -70 -70 -68 -67 -65 -64 -62 -60 -57 -54 -51 -47 -46 -42 -39 -36 -31 -26 -21 -16 -3 56 70 53 46 50 68 98 70 43 22 17 -1 8 19 44 82 112 139 147 155 136 134 137 153 166 212 260 270 261 239 214 198 129 131 189 189 169 201 183 134 100 152
-87 -87 -85 -83 -82 -82 -81 -80 -79 -78 -77 -76 -75 -75 -74 -73 -73 -72 -72 -72 -72 -71 -71 -71 -69 -68 -68 -67 -71 -70 -70 -68 -67 -65 -64 -62 -60 -58 -55 -53 -50 -46 -42 -39 -36 -32 -28 -25 -22 -3 21 36 35 29 43 70 92 101 76 44 27 13 2 15 35 85 121 149 168 178 159 139 162 202 210 225 226 211 173 149 144 127 98 145 211 239 223 228 187 109 110 171
-87 -86 -85 -84 -82 -82 -82 -81 -79 -78 -77 -76 -75 -74 -74 -73 -72 -72 -72 -72 -71 -71 -70 -70 -69 -68 -68 -67 -71 -70 -70 -67 -66 -65 -64 -62 -60 -58 -56 -53 -50 -46 -42 -40 -36 -33 -29 -24 -23 -3 21 28 22 39 63 58 64 82 44 26 26 18 2 5 12 33 65 99 126 143 164 161 179 212 225 223 190 151 141 117 102 98 105 122 173 238 199 169 213 154 112 138
-87 -86 -85 -83 -82 -81 -81 -80 -78 -77 -77 -76 -77 -75 -73 -72 -72 -72 -71 -70 -70 -70 -71 -69 -69 -68 -67 -67 -70 -69 -70 -67 -66 -65 -64 -62 -60 -58 -56 -53 -50 -46 -43 -40 -37 -33 -29 -23 -18 10 24 38 28 22 42 50 70 67 48 54 47 32 22 0 7 11 28 63 81 97 145 160 172 183 157 159 182 164 151 122 96 93 133 177 224 218 170 129 135 125 118 117
-86 -85 -87 -82 -82 -81 -80 -79 -78 -77 -76 -75 -78 -76 -72 -72 -72 -71 -71 -70 -70 -70 -72 -69 -69 -68 -67 -66 -70 -69 -70 -67 -66 -65 -63 -62 -60 -58 -55 -52 -49 -46 -44 -41 -37 -34 -29 -22 -6 18 30 38 27 16 24 48 74 89 88 73 55 36 30 27 8 12 25 33 35 65 97 129 144 145 116 118 175 185 151 155 128 107 120 173 247 220 184 175 142 152 226 229
-86 -85 -85 -83 -82 -80 -80 -79 -77 -76 -76 -75 -74 -73 -72 -71 -71 -71 -71 -70 -69 -69 -69 -68 -68 -68 -67 -66 -70 -69 -69 -67 -66 -64 -63 -62 -60 -57 -55 -52 -50 -47 -44 -40 -37 -33 -28 -21 -13 14 30 39 29 24 28 45 65 80 97 102 103 72 41 20 19 18 17 10 12 34 83 115 110 100 77 87 141 189 181 215 194 164 150 169 240 280 276 231 156 144 182 230
-86 -85 -85 -84 -82 -80 -80 -79 -77 -76 -75 -75 -74 -73 -72 -72 -71 -71 -70 -70 -69 -69 -68 -68 -67 -67 -67 -66 -70 -69 -69 -67 -66 -64 -63 -61 -59 -57 -55 -52 -50 -47 -43 -40 -35 -32 -27 -24 -22 13 34 41 28 25 32 39 50 66 91 117 114 66 34 28 22 18 15 7 15 36 59 77 75 61 48 77 131 205 234 207 180 166 149 163 223 263 214 171 145 196 228 226
-86 -85 -87 -85 -83 -80 -80 -79 -77 -75 -75 -74 -74 -73 -72 -71 -71 -70 -70 -69 -69 -69 -68 -68 -67 -67 -66 -66 -69 -68 -68 -66 -65 -64 -62 -61 -59 -57 -54 -52 -49 -46 -44 -41 -36 -30 -25 -22 11 18 34 33 17 21 33 45 56 67 86 98 97 70 60 45 38 24 19 5 12 21 28 38 39 35 62 104 147 188 230 209 152 126 162 199 228 215 170 158 166 224 280 305
-85 -84 -83 -83 -83 -81 -81 -77 -78 -76 -74 -74 -73 -73 -72 -70 -70 -70 -69 -69 -69 -68 -68 -68 -67 -66 -66 -66 -69 -68 -68 -66 -65 -63 -62 -59 -58 -56 -54 -51 -49 -46 -43 -40 -36 -30 -22 -16 13 22 31 18 9 15 26 35 40 46 62 88 124 100 71 88 64 39 21 0 -5 8 7 11 20 40 83 120 146 171 192 184 149 115 141 161 183 210 215 220 215 242 284 285
-85 -84 -83 -82 -80 -79 -78 -77 -77 -75 -74 -73 -73 -72 -71 -70 -70 -69 -69 -69 -68 -68 -67 -67 -67 -66 -65 -65 -69 -68 -68 -65 -64 -63 -61 -58 -56 -54 -52 -51 -48 -45 -42 -39 -35 -28 -20 -14 12 18 18 11 14 24 38 54 65 63 64 79 99 110 124 129 107 57 33 40 31 0 4 9 23 45 72 109 126 129 140 133 110 84 98 110 144 170 170 200 201 223 249 240
-85 -84 -83 -81 -80 -79 -78 -77 -77 -76 -74 -73 -72 -72 -71 -70 -70 -69 -69 -68 -68 -67 -67 -66 -66 -66 -65 -65 -68 -67 -67 -65 -64 -62 -61 -59 -57 -54 -52 -50 -48 -46 -42 -38 -33 -26 -14 -8 0 10 22 24 35 39 45 54 66 73 77 77 73 101 123 123 86 70 80 60 29 22 1 1 9 24 60 89 76 71 98 83 66 95 148 148 146 117 104 126 118 169 176 173
-85 -84 -83 -82 -80 -79 -78 -77 -77 -76 -74 -73 -72 -71 -70 -70 -69 -69 -68 -68 -67 -67 -66 -66 -65 -65 -65 -68 -67 -66 -66 -64 -63 -62 -60 -59 -57 -55 -52 -49 -46 -44 -41 -36 -31 -22 -12 -14 -5 4 22 35 35 44 63 63 50 48 49 54 52 79 99 134 147 151 116 68 53 35 20 1 4 10 30 62 62 39 39 46 81 111 149 122 92 86 84 93 118 155 149 133
-85 -84 -82 -81 -80 -79 -77 -76 -76 -76 -74 -72 -71 -71 -70 -69 -68 -68 -67 -67 -67 -66 -66 -65 -64 -64 -64 -68 -67 -66 -65 -64 -63 -62 -59 -58 -57 -55 -52 -48 -44 -42 -39 -34 -28 -14 -12 -14 -1 0 3 14 40 61 71 80 57 29 36 43 60 83 89 104 118 128 131 105 65 38 23 14 4 6 10 21 24 47 71 74 115 152 143 102 63 102 133 144 131 125 113 133
-85 -84 -82 -81 -80 -78 -77 -76 -75 -75 -73 -72 -71 -70 -69 -68 -67 -67 -67 -67 -66 -66 -65 -64 -64 -63 -64 -67 -67 -66 -65 -64 -62 -61 -58 -57 -56 -54 -51 -48 -43 -40 -37 -32 -24 -12 -12 -6 5 6 9 14 21 35 47 59 43 57 82 90 95 77 120 164 192 203 151 101 71 78 52 25 12 4 3 6 20 59 78 75 101 123 96 64 55 86 136 138 98 91 100 127
-85 -84 -82 -80 -79 -78 -77 -76 -75 -74 -73 -72 -71 -70 -69 -68 -67 -67 -66 -66 -66 -65 -65 -64 -64 -64 -67 -67 -66 -65 -64 -63 -62 -59 -58 -55 -53 -51 -49 -46 -42 -39 -35 -29 -21 -10 -2 11 15 14 18 22 25 31 40 34 37 57 69 84 74 61 124 197 243 274 236 189 133 103 63 32 22 17 -75 -95 17 36 57 70 64 87 96 52 53 86 94 85 120 148 160 169
-86 -85 -83 -81 -79 -78 -77 -76 -75 -74 -73 -71 -70 -70 -69 -68 -67 -67 -66 -66 -65 -65 -64 -64 -63 -63 -66 -66 -65 -64 -63 -62 -61 -60 -58 -55 -52 -49 -46 -43 -41 -38 -33 -26 -13 -10 1 20 27 23 23 25 24 27 30 18 26 35 47 48 64 91 121 184 244 292 271 188 134 110 82 60 42 23 14 -170 -140 15 18 31 49 57 53 53 91 100 68 90 163 209 206 217
-86 -85 -84 -82 -81 -79 -77 -76 -75 -73 -72 -72 -71 -69 -68 -68 -67 -66 -66 -65 -65 -64 -64 -63 -63 -66 -65 -64 -64 -62 -63 -61 -60 -59 -57 -55 -51 -49 -46 -43 -40 -36 -30 -22 -11 -10 8 13 22 26 29 30 25 15 14 7 15 21 29 48 92 129 146 205 251 310 323 260 224 179 121 124 134 100 55 25 0 1 7 18 30 23 24 57 94 76 57 86 130 168 152 174
-86 -84 -84 -83 -81 -79 -77 -76 -75 -74 -73 -72 -71 -70 -69 -67 -67 -66 -65 -65 -64 -64 -63 -63 -62 -65 -64 -64 -63 -62 -61 -60 -60 -58 -56 -54 -51 -48 -45 -42 -38 -33 -28 -15 -11 2 16 21 22 27 34 40 30 8 4 26 42 49 47 54 78 87 122 173 220 295 341 347 339 259 170 160 156 135 83 31 7 -1 -1 -1 2 21 39 64 88 54 90 129 124 101 97 105
-87 -85 -84 -82 -80 -79 -75 -75 -74 -73 -72 -71 -70 -69 -68 -67 -67 -66 -65 -64 -64 -63 -63 -62 -61 -64 -64 -64 -62 -62 -61 -59 -58 -57 -55 -53 -50 -47 -44 -40 -36 -31 -24 -16 -12 2 15 17 15 23 32 37 25 5 11 44 63 46 36 70 52 66 101 122 183 249 295 337 359 337 252 194 177 148 127 86 41 5 -1 0 3 15 29 44 56 56 107 141 99 66 48 65
-87 -85 -83 -82 -81 -79 -78 -73 -73 -72 -71 -70 -69 -68 -67 -66 -66 -65 -64 -64 -63 -63 -62 -62 -65 -65 -64 -63 -60 -60 -59 -59 -57 -55 -54 -52 -49 -46 -43 -39 -34 -28 -21 -18 -2 12 17 13 8 18 29 27 19 3 19 51 46 30 44 39 40 59 54 88 141 208 276 297 350 385 330 267 267 248 201 157 95 42 4 2 11 14 24 30 29 54 95 100 79 50 21 38
-85 -84 -82 -81 -79 -78 -76 -74 -73 -72 -71 -70 -69 -68 -67 -66 -65 -64 -63 -63 -62 -62 -61 -61 -64 -64 -64 -63 -61 -57 -59 -58 -57 -55 -53 -50 -47 -44 -41 -37 -31 -26 -22 -19 5 27 27 19 4 19 38 29 10 28 58 66 22 31 45 25 30 38 56 112 162 210 239 229 289 313 290 247 248 289 254 210 181 110 37 2 0 0 11 24 23 44 45 33 44 40 40 55
-85 -83 -81 -81 -79 -77 -76 -74 -73 -72 -71 -69 -68 -67 -67 -66 -65 -64 -63 -62 -61 -61 -59 -61 -62 -62 -64 -61 -60 -57 -57 -57 -56 -54 -52 -49 -46 -43 -39 -35 -29 -22 -5 6 24 45 31 15 3 14 36 37 19 22 43 65 23 24 19 13 17 40 63 76 97 154 169 205 226 228 208 196 230 263 270 257 206 137 82 25 2 0 7 12 21 30 22 44 47 50 88 99
-85 -84 -81 -80 -79 -78 -76 -74 -73 -71 -70 -69 -68 -67 -66 -65 -64 -63 -62 -61 -60 -60 -59 -59 -60 -60 -61 -61 -60 -59 -57 -57 -55 -53 -51 -47 -44 -41 -38 -32 -27 -8 14 21 47 68 53 22 5 14 26 20 14 9 23 36 15 11 32 58 54 59 74 54 65 94 114 140 178 180 149 160 183 217 205 171 155 118 92 61 19 0 0 4 10 15 15 60 113 133 122 81
-84 -83 -81 -80 -79 -78 -77 -75 -73 -71 -70 -69 -68 -67 -66 -65 -63 -63 -62 -61 -60 -60 -59 -60 -59 -59 -60 -60 -60 -59 -58 -57 -55 -52 -49 -46 -43 -39 -35 -29 -24 -3 16 36 51 60 53 33 15 12 19 14 6 7 12 15 16 24 44 83 92 85 53 49 95 83 99 122 158 132 129 157 145 188 222 202 171 156 156 120 53 8 1 3 5 8 17 48 103 148 147 106
-84 -83 -82 -80 -78 -77 -76 -75 -73 -71 -70 -69 -68 -67 -66 -65 -64 -63 -62 -61 -60 -60 -62 -62 -61 -63 -58 -59 -59 -59 -58 -56 -54 -51 -48 -44 -41 -37 -33 -26 -20 3 24 56 60 41 46 44 35 12 6 6 4 20 3 16 15 26 59 61 57 53 31 43 77 63 93 133 145 103 111 125 176 214 236 248 247 230 166 107 88 50 11 5 10 10 28 43 66 90 125 112
-85 -84 -82 -81 -79 -77 -76 -74 -73 -71 -70 -68 -67 -66 -65 -64 -63 -63 -62 -61 -59 -58 -61 -61 -60 -58 -54 -53 -57 -59 -57 -55 -53 -50 -46 -43 -39 -35 -30 -25 -7 5 26 59 57 33 21 19 41 49 25 5 10 11 18 36 50 48 55 49 24 23 35 63 55 54 79 109 116 75 72 106 145 183 180 185 193 205 165 160 142 117 66 21 17 15 13 34 54 69 106 129
-87 -86 -83 -81 -79 -77 -75 -74 -73 -72 -70 -69 -68 -66 -65 -64 -63 -62 -61 -60 -59 -62 -61 -61 -60 -58 -55 -52 -58 -58 -56 -54 -52 -48 -45 -41 -37 -33 -26 -21 7 13 31 60 80 79 55 33 20 37 28 10 2 13 31 50 58 68 54 21 15 40 58 66 38 47 73 99 74 56 60 87 125 131 141 138 184 241 236 252 236 178 132 67 18 19 12 17 37 60 84 107
-86 -85 -82 -81 -79 -77 -75 -74 -73 -72 -71 -70 -69 -67 -65 -64 -62 -61 -60 -59 -58 -61 -61 -61 -59 -58 -57 -56 -58 -57 -55 -53 -50 -47 -44 -40 -36 -30 -25 -19 9 20 39 69 94 89 84 70 45 33 18 14 10 15 37 55 48 48 43 16 10 30 58 51 26 50 80 75 44 45 86 101 92 95 114 163 202 262 304 312 304 260 207 129 58 25 20 13 31 48 66 92
-86 -85 -84 -82 -80 -78 -76 -75 -75 -74 -73 -71 -68 -66 -65 -64 -62 -61 -60 -59 -61 -61 -60 -56 -59 -58 -58 -58 -57 -55 -54 -51 -49 -46 -42 -39 -34 -27 -23 0 13 24 39 53 78 78 62 54 46 58 44 23 13 9 22 53 56 31 24 14 9 26 51 28 26 62 71 37 55 74 49 55 60 104 146 164 219 273 298 351 352 279 227 162 100 51 26 17 21 41 59 77
-86 -85 -84 -83 -81 -79 -78 -77 -76 -75 -73 -71 -70 -67 -65 -63 -62 -61 -62 -62 -61 -60 -60 -59 -58 -58 -58 -57 -56 -54 -53 -50 -47 -44 -41 -37 -31 -24 -19 6 22 36 40 37 47 58 69 49 38 34 54 46 27 9 26 37 34 26 15 7 12 25 45 23 31 59 38 42 80 57 48 68 93 145 137 171 212 244 255 321 393 352 257 186 140 73 36 31 23 29 54 82
-93 -86 -85 -83 -81 -79 -78 -77 -76 -75 -73 -72 -70 -68 -65 -63 -62 -63 -63 -61 -61 -59 -59 -59 -58 -57 -57 -57 -56 -54 -51 -48 -45 -42 -39 -35 -28 -24 -8 15 34 48 49 46 31 21 45 55 25 17 35 49 21 4 18 17 25 26 16 8 12 26 37 17 20 30 26 63 61 39 86 103 116 145 112 147 206 212 246 318 370 335 236 191 165 101 63 39 30 23 38 66
-92 -91 -84 -82 -80 -80 -79 -78 -77 -76 -73 -72 -70 -68 -66 -63 -64 -63 -62 -61 -60 -59 -58 -58 -57 -57 -56 -55 -54 -53 -50 -47 -44 -40 -37 -32 -24 -20 9 21 41 58 63 48 33 21 22 42 36 12 -1 -2 -1 1 1 11 16 5 3 1 3 9 10 4 8 6 21 48 34 58 74 75 106 107 113 181 220 191 252 312 283 265 248 206 150 115 120 84 53 37 32 50
-88 -90 -90 -81 -80 -80 -79 -78 -77 -76 -74 -73 -71 -69 -66 -65 -64 -63 -63 -60 -59 -58 -58 -57 -57 -56 -55 -54 -53 -51 -48 -45 -42 -39 -34 -28 -22 -17 5 30 49 58 51 44 41 28 15 4 -3 -7 -11 -10 -8 -5 -3 -3 -3 -3 -3 -3 -3 -3 -3 -4 1 0 4 14 19 42 53 89 102 74 116 174 174 157 219 300 307 257 206 170 151 138 160 157 119 87 49 59
-86 -85 -89 -89 -88 -79 -79 -78 -77 -76 -74 -73 -71 -69 -65 -65 -64 -63 -61 -60 -59 -58 -57 -56 -55 -55 -55 -53 -52 -49 -46 -44 -40 -37 -32 -25 -18 -8 5 32 53 60 62 53 35 8 1 -5 -8 -10 -12 -13 -12 -12 -12 -11 -10 -9 -9 -9 -9 -10 -10 -11 -10 -8 -7 -5 4 14 38 74 62 65 130 129 120 174 244 302 328 323 255 248 236 180 151 197 170 134 89 69
-86 -84 -83 -85 -88 -87 -79 -78 -77 -75 -74 -72 -71 -69 -66 -66 -65 -64 -61 -59 -58 -57 -56 -54 -53 -54 -53 -52 -50 -48 -45 -42 -38 -34 -29 -24 11 -4 1 16 36 39 49 49 2 -4 -9 -12 -12 -11 -13 -13 -16 -15 -17 -12 -13 -14 -15 -15 -15 -16 -16 -16 -16 -16 -17 -17 -18 -9 2 12 24 45 94 87 109 177 210 214 272 325 317 255 235 173 160 238 242 200 156 109
-87 -85 -84 -84 -87 -87 -79 -78 -77 -75 -73 -71 -69 -68 -68 -67 -65 -64 -60 -59 -57 -56 -55 -54 -53 -53 -52 -50 -48 -46 -43 -40 -36 -32 -25 -20 -11 -18 -21 -10 -8 4 30 9 -1 -6 -10 -11 -9 -9 -11 -13 -15 -16 -16 -14 -16 -17 -16 -17 -18 -19 -18 -19 -19 -19 -20 -21 -21 -17 -13 -12 -10 8 41 86 116 122 164 201 248 283 279 217 164 140 161 234 240 267 212 165
-88 -86 -85 -83 -82 -85 -85 -80 -78 -75 -74 -72 -70 -68 -69 -68 -67 -63 -60 -58 -56 -55 -53 -51 -50 -50 -49 -48 -46 -43 -41 -38 -34 -28 -21 -11 -16 -16 -18 -8 -8 -8 -3 0 -8 -8 -11 -10 -8 -8 -10 -12 -21 -21 -21 -21 -21 -21 -21 -21 -21 -22 -22 -22 -22 -22 -22 -21 -21 -21 -21 -20 -12 -2 5 28 51 73 119 178 261 247 259 233 193 170 131 163 193 274 244 252
-88 -86 -85 -83 -82 -80 -85 -84 -79 -77 -74 -72 -70 -72 -70 -69 -68 -63 -60 -58 -55 -53 -52 -51 -50 -48 -47 -45 -42 -39 -38 -36 -31 -24 -20 7 -17 -17 -16 -10 -9 -5 -5 -2 -6 -4 -10 -8 -8 -8 -9 -12 -21 -23 -24 -26 -26 -27 -27 -27 -28 -28 -28 -28 -27 -27 -27 -26 -25 -24 -23 -22 -21 -19 -10 -2 9 30 69 132 183 171 224 265 238 195 136 146 243 302 300 299
