tests/sfo.asc
ncols        722
nrows        696
xllcorner    -123.925000000000
yllcorner    36.300000000000
cellsize     0.004166666667
NODATA_value -32767
[rows 533 to 573 of 696, columns 460 to 551 of 722]
19 18 14 17 22 24 26 26 25 27 26 28 21 13 25 33 -1 -6 -6 20 27 39 41 39 35 27 34 39 47 49 58 74 90 72 87 117 163 175 162 122 126 143 138 94 82 91 97 98 72 70 90 105 97 84 76 63 58 60 58 48 39 34 42 48 63 69 75 90 119 160 209 277 324 370 436 408 377 432 450 451 441 413 377 383 394 380 380 388 389 428 489 498
14 9 9 16 18 20 23 22 22 22 22 23 19 3 14 -4 -7 -7 -7 -7 -7 -1 17 23 22 21 44 51 56 67 60 57 63 68 111 128 125 129 134 108 135 158 162 127 86 78 79 81 69 65 75 87 73 63 65 69 62 52 48 43 37 32 31 35 44 52 63 74 106 165 217 258 299 364 450 456 400 386 399 397 390 383 387 405 407 394 378 350 327 375 416 418
8 -3 10 13 16 17 18 17 16 17 18 19 4 -8 -7 -7 -8 -8 -8 -8 -8 -7 -7 -8 9 18 43 44 51 63 84 89 82 92 113 103 113 137 106 96 115 133 154 144 125 85 75 69 64 63 69 82 73 58 54 61 62 61 59 57 52 37 27 30 35 40 50 64 83 120 161 204 260 344 426 493 507 492 511 488 466 425 399 393 400 391 355 322 305 280 288 314
6 -4 8 13 15 15 9 10 13 14 15 12 -2 -8 -9 -9 -10 -10 -9 -9 -9 -9 -8 -8 -8 -7 23 37 38 46 60 82 91 95 89 90 106 129 92 105 113 110 131 141 135 109 84 64 59 58 59 72 74 64 52 53 55 54 54 53 52 40 25 27 34 39 47 58 72 90 119 161 223 277 340 428 459 481 513 519 515 495 461 403 355 312 307 261 291 279 244 227
-5 -6 -8 7 8 4 -1 3 6 8 7 -5 -8 -10 -11 -11 -11 -11 -11 -11 -11 -11 -10 -9 -9 -8 -6 27 28 33 45 57 81 86 73 81 88 113 91 113 123 90 105 114 123 110 91 71 56 56 54 58 66 65 56 48 44 43 47 43 44 41 24 26 39 42 45 52 62 93 115 129 169 211 244 297 350 392 438 492 524 505 460 407 328 273 248 231 261 233 216 197
-9 -9 -9 -11 -11 -10 -8 -7 2 -9 -9 -10 -12 -13 -13 -13 -13 -13 -13 -13 -13 -13 -11 -11 -10 -10 -9 -8 -6 23 37 40 53 70 69 70 87 123 104 84 96 77 77 83 101 104 80 74 58 53 51 49 52 55 54 50 40 41 43 36 32 35 22 21 33 39 42 46 51 67 90 89 114 130 152 188 238 307 392 447 468 442 464 425 333 283 260 223 187 174 166 172
-12 -12 -12 -12 -12 -12 -11 -8 -9 -12 -12 -14 -15 -15 -15 -16 -16 -15 -16 -16 -15 -15 -14 -13 -13 -12 -11 -10 -8 -6 27 31 39 52 61 70 66 86 116 97 72 64 55 60 83 92 77 68 67 59 52 48 45 45 46 48 45 39 40 35 27 22 19 19 27 36 39 39 41 46 54 61 76 85 95 124 172 226 299 338 331 405 462 450 412 387 323 269 213 159 146 154
-15 -15 -14 -13 -13 -13 -12 -12 -14 -15 -16 -17 -17 -17 -18 -18 -17 -18 -17 -16 -16 -16 -16 -15 -14 -14 -12 -10 -10 -8 -7 21 33 42 47 56 61 81 102 131 142 130 96 56 44 51 68 60 60 62 54 49 46 41 41 40 39 37 35 32 30 24 16 18 25 30 28 30 37 39 45 48 55 75 96 98 126 156 186 213 273 342 398 391 400 409 330 246 212 171 162 208
-17 -17 -16 -15 -15 -14 -15 -16 -17 -18 -19 -18 -20 -20 -20 -20 -20 -19 -19 -19 -18 -18 -18 -17 -16 -14 -13 -11 -10 -11 -10 -10 16 30 38 40 56 76 75 97 127 138 116 112 86 50 34 40 44 59 54 54 50 44 40 38 36 34 32 30 28 24 18 17 21 23 21 27 30 37 39 40 45 60 68 76 112 143 171 184 227 294 315 316 391 408 331 318 297 249 171 162
-20 -19 -19 -17 -17 -17 -18 -19 -20 -21 -21 -22 -22 -22 -22 -21 -21 -21 -20 -20 -19 -19 -18 -18 -17 -16 -15 -14 -13 -13 -12 -10 -10 19 28 35 41 54 72 87 104 133 127 126 120 101 62 32 29 50 49 49 47 44 42 40 39 35 31 28 25 23 21 21 22 19 21 23 24 31 32 34 37 40 39 61 71 99 113 151 187 225 276 336 388 420 420 383 299 261 207 163
-22 -22 -21 -21 -21 -22 -22 -22 -23 -23 -23 -24 -23 -23 -23 -23 -22 -22 -21 -20 -20 -19 -19 -18 -18 -17 -16 -16 -14 -13 -11 -11 -10 -3 20 30 35 43 64 80 72 110 126 119 115 103 91 60 25 30 39 44 43 42 40 35 34 35 32 28 26 23 21 20 19 20 22 17 20 23 25 28 29 28 26 33 33 46 67 117 149 198 253 296 353 424 432 404 366 322 284 249
-24 -24 -24 -24 -24 -24 -25 -25 -25 -25 -25 -25 -25 -24 -24 -24 -23 -23 -22 -20 -20 -20 -20 -20 -19 -18 -17 -16 -15 -14 -13 -12 -11 -9 2 20 27 31 43 60 61 70 100 102 98 98 88 65 38 21 32 39 41 39 37 30 26 31 30 27 23 22 20 18 17 17 20 14 17 17 19 21 22 21 19 17 18 25 37 65 103 154 179 215 288 327 339 430 439 410 356 282
-26 -26 -25 -26 -27 -26 -27 -30 -26 -26 -26 -26 -26 -26 -26 -26 -25 -24 -23 -23 -22 -21 -21 -21 -21 -20 -19 -17 -16 -16 -16 -15 -12 -10 -7 22 35 40 41 49 65 71 79 75 76 78 63 58 37 17 33 38 38 35 28 22 25 29 26 24 20 20 18 16 14 14 14 12 13 13 14 15 16 16 15 16 16 18 27 44 71 104 154 200 245 251 272 326 377 418 407 372
-29 -29 -29 -28 -29 -29 -29 -29 -27 -27 -27 -27 -27 -27 -27 -27 -26 -25 -25 -24 -23 -23 -22 -21 -21 -20 -20 -19 -18 -17 -17 -16 -15 -13 -10 -7 29 43 55 53 58 69 66 55 59 64 45 37 27 13 32 29 28 30 23 12 18 25 20 21 20 16 15 14 12 11 12 10 10 11 12 12 12 13 14 15 16 18 21 33 50 69 121 202 257 278 276 276 304 362 369 409
-33 -33 -32 -31 -30 -30 -30 -29 -29 -28 -28 -28 -28 -28 -28 -28 -27 -26 -26 -25 -24 -24 -23 -22 -21 -21 -21 -20 -19 -18 -17 -17 -16 -14 -11 -12 -10 24 36 50 63 70 73 57 45 35 24 23 19 10 30 25 16 21 14 10 14 13 11 15 14 13 12 11 10 10 10 10 11 11 10 10 11 11 13 15 16 18 19 23 34 58 97 126 164 200 226 255 260 282 298 319
-33 -33 -33 -32 -31 -31 -31 -30 -30 -29 -29 -28 -28 -28 -28 -28 -27 -27 -26 -26 -25 -24 -24 -23 -22 -22 -21 -20 -20 -19 -18 -17 -17 -16 -14 -14 -11 17 24 36 48 61 72 78 71 57 33 29 22 9 20 18 11 9 7 11 12 5 8 10 10 11 9 9 9 9 9 9 9 10 10 11 11 11 12 13 15 17 19 20 23 31 41 35 49 90 137 196 216 207 189 171
-34 -34 -33 -33 -33 -32 -31 -31 -31 -30 -29 -29 -29 -29 -28 -28 -28 -27 -27 -26 -25 -25 -24 -24 -23 -23 -22 -21 -20 -19 -19 -18 -17 -17 -16 -15 -13 -4 14 20 28 42 57 74 85 77 61 23 16 9 14 8 6 5 5 8 10 6 7 8 10 9 9 8 7 8 9 9 10 10 11 11 11 12 12 13 13 14 16 18 18 18 27 59 61 36 93 133 154 140 68 41
-35 -35 -34 -34 -34 -33 -32 -32 -31 -31 -30 -30 -30 -30 -29 -29 -28 -28 -27 -26 -26 -25 -25 -25 -25 -24 -23 -22 -21 -20 -19 -19 -18 -17 -16 -15 -12 -7 1 16 22 29 41 55 70 70 62 34 6 9 18 8 7 5 4 6 3 4 6 7 8 8 8 7 8 8 8 9 9 10 11 12 13 13 14 15 15 14 14 16 17 21 34 56 74 37 38 57 65 49 61 72
-38 -37 -36 -35 -34 -34 -34 -32 -32 -32 -32 -32 -32 -31 -31 -30 -30 -29 -28 -28 -27 -26 -26 -26 -27 -26 -24 -23 -22 -21 -21 -20 -19 -18 -17 -16 -14 -11 -5 14 18 22 31 41 49 53 48 32 7 6 14 8 6 3 3 3 4 6 6 6 7 7 7 6 7 8 8 9 9 10 13 24 19 15 15 16 16 17 17 18 20 21 23 32 56 38 25 27 29 31 73 123
-39 -38 -37 -36 -35 -35 -34 -33 -33 -33 -33 -33 -32 -32 -32 -31 -30 -30 -29 -29 -28 -28 -27 -27 -27 -26 -25 -25 -24 -23 -22 -21 -20 -19 -18 -17 -16 -13 -9 -3 20 25 30 35 37 35 31 25 6 5 8 1 -1 0 1 4 4 4 5 5 6 4 6 7 7 7 8 9 10 15 48 85 76 45 17 16 17 17 18 18 19 19 20 27 58 40 28 26 26 30 62 110
-42 -41 -39 -37 -36 -36 -35 -34 -33 -33 -34 -33 -33 -33 -32 -32 -31 -31 -30 -30 -30 -29 -28 -28 -27 -27 -27 -26 -25 -24 -23 -22 -21 -20 -19 -19 -18 -14 -11 -8 21 34 43 43 42 36 31 21 6 0 1 1 0 1 2 3 5 4 5 5 5 4 6 6 6 7 8 10 23 49 62 61 68 68 49 37 19 16 17 17 18 18 19 30 52 30 28 27 27 37 72 129
-45 -44 -43 -41 -39 -38 -37 -35 -34 -34 -34 -33 -33 -33 -33 -33 -32 -32 -32 -31 -31 -31 -30 -29 -28 -28 -28 -27 -26 -25 -24 -23 -22 -21 -20 -19 -18 -15 -12 -7 -1 29 39 44 43 40 35 25 14 2 0 1 2 2 2 3 4 4 5 4 5 5 5 5 7 10 21 34 45 54 82 101 119 123 113 98 56 21 16 17 18 18 22 48 54 32 33 35 43 80 140 174
-50 -49 -47 -46 -44 -42 -40 -37 -36 -36 -35 -34 -35 -36 -35 -36 -35 -35 -34 -34 -33 -33 -32 -31 -30 -30 -29 -28 -28 -26 -25 -23 -22 -21 -20 -19 -18 -17 -15 -13 -7 -1 32 39 36 34 31 22 4 0 0 0 2 3 3 4 4 4 4 4 4 4 6 7 14 30 45 37 56 77 88 102 106 123 121 117 99 49 26 28 37 44 59 69 74 86 87 76 81 115 145 168
-55 -54 -53 -51 -48 -47 -45 -41 -40 -42 -41 -39 -40 -40 -39 -41 -39 -39 -38 -37 -37 -36 -35 -34 -33 -32 -31 -31 -30 -28 -26 -25 -23 -22 -21 -20 -19 -18 -18 -18 -13 -8 -3 21 34 31 16 2 0 1 0 1 2 2 2 3 3 4 4 4 8 16 13 14 27 40 59 79 86 88 91 104 107 109 108 84 81 57 55 79 117 113 91 69 103 139 145 123 109 129 145 169
-60 -59 -59 -58 -57 -59 -61 -55 -53 -54 -57 -56 -53 -52 -54 -53 -49 -47 -45 -44 -43 -43 -43 -42 -42 -41 -40 -36 -32 -32 -32 -28 -25 -23 -21 -20 -19 -19 -19 -18 -15 -14 -13 7 18 19 2 -1 1 1 1 2 1 2 2 4 6 11 17 28 38 46 30 29 64 65 76 97 78 59 63 80 79 95 107 99 68 59 85 103 126 111 66 82 124 122 132 121 109 133 152 167
-64 -63 -63 -62 -62 -64 -64 -61 -62 -66 -65 -64 -62 -59 -57 -55 -55 -53 -52 -49 -47 -47 -47 -46 -45 -44 -42 -40 -37 -36 -34 -30 -27 -24 -22 -21 -20 -19 -20 -20 -17 -15 -12 -4 5 4 0 0 1 1 2 2 2 5 21 37 41 45 47 49 47 40 29 18 38 43 57 60 42 54 75 80 88 98 85 75 54 61 74 83 87 75 61 89 105 94 112 98 113 132 146 151
-68 -66 -64 -65 -66 -68 -68 -67 -67 -78 -78 -75 -70 -66 -63 -61 -60 -59 -59 -51 -51 -52 -51 -49 -47 -45 -44 -43 -42 -39 -36 -33 -29 -26 -23 -22 -21 -19 -19 -19 -17 -16 -14 -3 7 6 0 1 2 2 2 5 7 23 42 48 50 47 44 41 35 28 11 11 24 26 26 27 22 41 59 49 52 57 55 55 46 50 52 36 33 37 54 63 62 65 77 76 90 91 102 114
-72 -69 -67 -67 -69 -70 -72 -77 -85 -92 -99 -94 -82 -74 -70 -67 -65 -63 -62 -56 -56 -55 -53 -51 -49 -48 -46 -45 -43 -41 -38 -35 -31 -28 -25 -23 -20 -20 -19 -19 -18 -16 -14 -9 -7 4 1 0 1 1 3 16 12 24 40 50 51 47 43 31 19 10 2 1 8 11 10 8 7 8 12 21 35 32 39 49 43 38 30 24 26 25 38 41 40 47 56 65 66 71 79 89
-75 -73 -71 -69 -71 -72 -74 -86 -91 -105 -120 -114 -93 -80 -75 -71 -68 -66 -66 -62 -60 -58 -55 -53 -51 -50 -49 -47 -45 -43 -40 -38 -36 -32 -28 -25 -22 -20 -20 -19 -18 -17 -16 -13 -10 -4 2 0 0 2 13 20 20 20 40 49 52 53 50 26 7 6 -3 0 8 10 13 24 27 16 7 8 10 14 16 14 18 19 17 31 45 36 32 34 37 45 52 59 62 68 72 69
-78 -78 -78 -70 -74 -81 -86 -90 -101 -125 -149 -138 -105 -86 -79 -75 -72 -70 -68 -66 -64 -61 -58 -56 -54 -54 -54 -52 -48 -46 -43 -44 -43 -36 -31 -28 -24 -21 -21 -20 -19 -19 -18 -17 -14 -2 6 2 0 5 14 24 35 37 42 51 54 53 41 6 0 -4 0 41 75 73 60 58 58 49 38 29 17 19 15 16 18 25 28 56 84 64 65 72 77 62 42 42 51 56 54 71
-77 -74 -69 -62 -75 -88 -89 -95 -115 -158 -189 -164 -120 -91 -82 -78 -75 -75 -75 -73 -70 -67 -65 -64 -64 -62 -62 -61 -60 -57 -56 -53 -50 -42 -41 -37 -32 -28 -24 -21 -20 -20 -20 -18 -14 -7 -2 4 3 8 11 15 25 38 43 51 53 49 36 4 5 12 29 65 80 84 89 83 72 74 75 70 60 64 65 67 46 67 56 61 92 87 81 92 109 115 87 60 48 55 58 82
-78 -76 -74 -74 -81 -90 -93 -102 -131 -186 -213 -176 -127 -91 -82 -79 -77 -76 -77 -75 -72 -70 -68 -67 -66 -65 -64 -64 -63 -61 -58 -53 -48 -40 -45 -40 -33 -28 -27 -23 -20 -20 -19 -17 -14 -10 -6 -2 3 6 8 11 18 30 40 46 49 47 37 5 1 10 25 52 74 86 104 106 93 94 93 96 79 108 104 78 60 84 75 62 97 118 93 117 119 128 130 114 70 67 88 85
-82 -83 -87 -90 -91 -92 -101 -125 -172 -222 -209 -139 -100 -86 -83 -81 -79 -76 -79 -74 -73 -72 -70 -68 -66 -65 -65 -66 -65 -63 -61 -55 -47 -46 -48 -41 -31 -35 -33 -27 -21 -21 -19 -18 -15 -13 -11 -6 2 2 4 5 10 18 25 36 46 48 44 17 -1 1 6 17 35 65 69 78 107 118 118 124 102 102 113 93 69 84 108 78 86 120 125 134 150 155 153 120 98 85 83 115
-82 -85 -91 -92 -94 -99 -126 -191 -257 -266 -202 -122 -92 -86 -84 -83 -77 -77 -78 -78 -77 -75 -74 -72 -71 -71 -71 -70 -67 -65 -62 -57 -51 -48 -48 -54 -47 -41 -37 -35 -30 -28 -25 -21 -18 -15 -11 -6 -2 2 2 4 3 9 19 28 37 42 42 35 18 2 0 1 2 10 25 47 77 85 94 105 125 135 142 130 111 78 82 93 84 91 117 144 157 177 192 161 148 123 86 115
-81 -92 -96 -103 -113 -130 -186 -278 -319 -271 -181 -115 -91 -86 -85 -84 -79 -78 -78 -80 -78 -77 -78 -77 -76 -75 -76 -73 -70 -68 -65 -64 -61 -53 -68 -64 -57 -49 -44 -40 -40 -36 -31 -25 -21 -16 -12 -7 -3 3 5 7 4 5 7 8 15 33 37 34 31 26 10 0 0 -1 15 38 49 86 100 115 129 130 127 121 129 119 101 117 120 104 101 118 134 164 194 188 168 143 111 110
-92 -99 -117 -158 -211 -254 -306 -341 -312 -224 -136 -97 -90 -87 -86 -81 -81 -81 -80 -80 -79 -78 -76 -76 -75 -75 -74 -73 -71 -70 -69 -69 -69 -63 -83 -82 -71 -61 -53 -49 -48 -45 -38 -29 -24 -18 -12 -8 -4 4 6 10 10 9 5 4 6 22 33 34 34 32 14 1 0 3 15 22 34 61 93 103 90 87 94 111 133 154 147 130 143 137 134 142 152 160 173 181 172 155 132 142
-105 -139 -205 -299 -376 -380 -376 -344 -251 -178 -120 -92 -89 -88 -83 -82 -81 -80 -79 -79 -81 -81 -81 -79 -78 -76 -76 -68 -75 -72 -71 -66 -72 -73 -90 -101 -89 -73 -61 -55 -54 -51 -41 -30 -24 -22 -16 -13 -12 -2 4 6 10 11 7 3 3 11 25 31 28 21 7 1 2 10 21 26 38 48 60 64 71 93 105 127 135 139 135 121 121 124 109 114 124 133 158 171 165 155 158 138
-151 -236 -356 -437 -456 -418 -356 -254 -157 -113 -93 -89 -88 -88 -83 -83 -82 -82 -81 -80 -86 -86 -86 -85 -83 -81 -79 -78 -76 -75 -74 -73 -74 -74 -91 -115 -113 -89 -71 -65 -71 -68 -50 -34 -27 -24 -23 -17 -13 -4 2 4 5 6 4 1 2 6 16 21 19 11 3 1 0 5 23 33 37 57 94 97 85 84 90 100 109 117 132 130 93 94 120 141 149 153 146 135 155 159 157 159
-272 -379 -463 -496 -430 -314 -206 -124 -95 -90 -90 -89 -89 -86 -84 -83 -82 -86 -86 -86 -86 -87 -88 -90 -95 -95 -86 -80 -78 -76 -75 -74 -74 -79 -104 -135 -137 -116 -92 -84 -97 -87 -59 -37 -30 -27 -27 -23 -17 -6 -9 -5 -5 -3 -3 -2 0 1 1 6 5 4 3 0 1 7 22 35 48 53 63 77 96 99 103 108 110 121 134 136 92 101 122 126 137 133 122 137 134 127 129 149
-327 -430 -507 -503 -395 -262 -157 -100 -92 -91 -91 -91 -90 -89 -92 -104 -99 -87 -87 -88 -88 -89 -92 -103 -122 -126 -104 -85 -80 -78 -77 -76 -76 -82 -108 -146 -154 -138 -120 -115 -117 -94 -61 -40 -32 -30 -30 -26 -25 -26 -28 -22 -16 -10 -5 -3 -1 1 0 1 1 0 0 0 2 12 20 28 40 49 61 93 96 73 77 89 106 119 139 134 86 106 116 112 120 110 113 116 103 127 144 153
-367 -431 -527 -521 -396 -268 -165 -103 -93 -93 -93 -94 -94 -93 -92 -91 -90 -89 -89 -89 -89 -91 -97 -124 -166 -177 -142 -99 -87 -86 -88 -91 -89 -98 -136 -178 -177 -159 -147 -141 -123 -90 -58 -41 -35 -33 -34 -34 -36 -45 -51 -38 -23 -19 -6 1 6 13 7 7 3 1 1 -1 0 4 10 22 34 62 68 78 85 76 98 95 107 110 115 126 83 89 93 81 101 106 86 93 116 133 143 164
