tests/sfo.asc
ncols        722
nrows        696
xllcorner    -123.925000000000
yllcorner    36.300000000000
cellsize     0.004166666667
NODATA_value -32767
[rows 82 to 122 of 696, columns 276 to 367 of 722]
716 702 706 711 742 790 841 879 893 912 913 907 877 853 818 802 829 852 791 752 747 687 642 649 649 641 603 611 624 657 672 631 569 512 497 489 485 508 525 556 569 573 613 614 550 508 496 494 516 579 599 561 508 459 447 437 431 435 434 428 438 414 370 367 396 418 420 435 473 486 500 518 528 534 511 527 558 561 596 637 659 672 674 671 662 644 661 681 651 647 663 696
731 732 734 724 728 768 821 881 929 963 950 901 891 897 888 842 767 730 681 644 621 590 563 549 559 565 558 600 623 634 617 587 543 537 546 536 531 507 509 517 518 532 603 667 641 585 576 558 582 617 610 582 541 519 523 503 475 432 433 444 456 405 352 396 404 415 446 490 525 527 511 500 498 494 463 462 472 490 536 569 553 568 608 634 636 636 620 654 688 678 644 660
809 816 797 745 730 739 776 824 859 901 926 916 925 982 975 901 843 776 723 720 695 666 629 566 540 523 506 520 574 617 606 552 534 584 603 619 596 537 497 481 487 505 553 613 650 649 660 657 671 653 607 566 533 535 553 555 544 503 494 500 469 420 358 335 365 370 416 533 569 571 610 586 536 551 536 492 469 454 459 478 457 483 558 572 570 599 588 615 700 705 652 614
813 806 761 737 738 739 732 760 800 842 855 891 941 1003 1024 981 924 887 848 812 785 753 668 629 636 632 577 521 496 557 559 558 550 546 590 610 573 537 512 489 490 502 514 520 518 561 607 631 651 618 571 562 551 531 534 544 545 542 543 543 511 466 420 379 339 351 378 457 486 515 598 650 608 575 577 552 526 487 444 432 439 425 433 468 485 505 502 548 633 695 682 619
802 799 803 795 761 754 737 729 746 773 813 857 912 985 1041 1055 995 960 913 884 859 796 728 738 740 740 690 601 498 486 501 515 539 545 548 551 566 565 538 518 530 518 493 477 467 516 545 556 571 598 588 601 606 588 553 538 557 549 540 531 500 488 473 436 368 328 345 375 407 441 481 517 549 564 601 597 540 503 478 454 440 423 397 405 432 442 472 537 616 691 690 639
853 829 821 809 784 769 752 749 742 742 764 811 872 927 968 1009 1022 1006 989 971 938 884 812 789 792 768 728 670 568 473 453 471 496 497 512 507 549 574 552 515 514 525 494 465 441 478 496 503 506 568 621 625 639 662 625 563 579 578 544 522 495 468 447 443 420 354 316 327 344 360 371 404 458 506 554 580 556 538 533 499 434 408 425 435 404 399 442 538 592 622 641 613
902 891 866 820 832 845 826 812 806 807 785 780 810 861 912 955 991 1008 1003 1008 980 950 902 865 843 828 776 706 631 548 464 430 416 409 448 480 507 557 553 507 456 448 479 470 436 413 439 441 446 493 582 604 617 655 618 561 550 570 539 507 480 439 426 417 394 350 315 341 359 373 368 365 394 429 471 507 520 511 530 499 445 414 425 406 395 381 380 427 501 563 598 600
925 891 856 874 918 933 948 914 908 897 852 798 780 806 853 911 946 979 1002 1028 1029 1000 981 964 922 864 762 672 617 561 530 527 476 426 393 431 452 479 511 505 463 423 403 408 423 390 386 395 410 444 517 552 545 552 542 539 553 587 591 555 515 465 434 417 372 332 303 311 330 369 408 402 423 472 505 515 522 510 491 480 446 417 420 399 409 415 391 381 408 466 531 571
997 971 921 910 943 997 1037 1056 1039 1000 1005 929 830 788 813 861 921 967 997 1032 1074 1072 1066 1023 962 886 816 781 745 678 618 549 472 409 390 372 384 398 420 435 456 447 442 396 401 422 384 371 397 429 455 469 480 491 503 529 554 589 616 610 568 523 456 415 370 317 291 293 320 359 396 428 462 531 582 561 532 527 504 476 439 443 426 402 418 445 445 414 373 381 452 529
1005 1027 1016 1022 1036 1067 1131 1152 1159 1103 1092 1006 916 838 814 845 879 924 964 1010 1055 1095 1124 1105 1064 1003 922 874 828 757 667 599 524 464 433 396 366 377 390 371 387 390 399 374 379 409 391 367 368 381 390 413 444 465 488 506 514 534 568 582 566 538 497 445 388 338 297 290 299 326 352 385 431 485 542 583 566 538 526 486 462 467 447 415 421 425 415 368 347 349 383 458
1045 1078 1127 1170 1191 1187 1224 1257 1272 1235 1196 1087 995 905 855 815 826 893 956 994 1045 1102 1130 1120 1105 1066 986 921 846 751 695 646 595 550 501 427 372 360 388 391 350 336 328 328 343 364 385 377 357 356 344 354 400 439 463 476 478 516 533 527 527 511 479 463 425 380 333 293 298 321 331 355 389 423 476 512 557 560 532 500 464 453 447 427 415 422 399 348 321 315 319 373
964 1019 1124 1226 1254 1265 1295 1347 1397 1379 1298 1204 1119 995 891 819 792 828 897 963 1026 1082 1093 1071 1036 975 933 886 822 720 608 566 568 598 556 466 387 355 342 376 388 353 321 309 310 319 336 325 321 332 335 337 361 390 400 425 454 507 523 486 486 499 501 512 484 431 367 314 311 313 314 339 355 374 392 423 450 467 446 467 450 426 413 438 419 396 384 339 305 289 292 348
863 934 1023 1137 1261 1308 1323 1354 1405 1384 1336 1250 1177 1081 960 840 760 756 838 915 975 1018 1011 948 892 847 832 832 803 712 612 515 467 493 528 488 438 376 328 324 343 328 309 305 305 303 301 300 301 305 322 339 364 358 364 380 403 429 431 428 448 481 499 489 454 397 355 313 290 298 308 330 360 356 348 351 362 375 401 417 413 407 387 411 424 379 333 318 298 279 282 320
781 845 928 1026 1153 1265 1328 1346 1352 1253 1208 1140 1082 942 848 793 729 693 756 814 834 869 918 913 835 760 710 705 746 741 678 596 516 431 424 413 393 368 342 356 376 373 344 340 347 318 300 297 298 298 298 302 315 337 338 328 336 354 371 399 425 447 455 434 403 360 320 301 283 300 310 333 368 359 340 325 316 329 366 399 415 409 390 373 384 372 332 303 286 276 287 314
845 900 937 971 1042 1124 1243 1274 1223 1092 995 929 892 831 792 761 693 642 658 696 713 761 848 870 808 720 652 594 610 687 744 663 559 465 438 426 407 376 338 349 406 432 399 409 409 353 311 302 298 296 296 296 298 313 328 342 357 360 363 370 381 393 414 429 416 371 353 316 263 279 313 334 354 361 333 281 275 304 334 373 394 418 422 381 358 353 324 314 289 287 317 359
777 839 934 998 1028 1055 1119 1127 1046 984 917 842 794 785 768 717 658 611 591 596 619 682 753 797 756 678 610 550 519 581 701 716 628 534 515 506 477 423 349 327 330 366 419 433 401 361 342 322 309 295 294 293 294 297 306 320 345 361 368 378 388 411 434 415 344 305 304 297 277 261 259 273 275 270 257 244 248 278 294 338 351 373 407 406 370 344 312 286 274 291 322 344
722 836 910 992 1070 1110 1135 1091 1015 938 872 814 773 755 724 690 662 626 589 537 541 571 630 681 711 712 672 600 518 511 600 666 646 594 542 523 482 436 366 331 331 362 381 432 445 414 400 370 330 299 294 292 291 292 293 302 334 336 338 349 359 360 337 336 349 364 345 344 347 325 288 272 270 260 251 233 227 266 265 282 316 337 359 381 384 362 326 292 299 318 340 370
647 726 803 918 968 1035 1095 1100 1034 940 843 775 722 707 667 638 625 587 547 514 486 488 535 558 595 616 635 625 569 493 474 521 550 541 522 488 461 422 364 330 329 347 369 376 425 450 438 379 312 295 294 293 291 290 289 289 300 328 333 332 340 335 320 368 395 393 393 409 425 412 352 337 337 326 309 258 222 256 295 300 298 305 335 355 367 369 338 291 309 355 374 421
675 665 744 808 859 905 929 966 997 962 896 819 736 683 621 562 549 548 520 498 476 441 435 456 475 496 511 528 537 523 473 446 449 447 426 430 437 390 355 335 335 331 350 343 350 374 376 336 309 294 292 292 291 291 290 294 298 295 302 307 320 310 312 348 364 372 384 404 422 417 371 330 317 319 282 242 227 237 243 241 251 274 285 319 330 332 337 305 294 379 417 414
814 725 699 727 783 791 800 847 912 971 929 874 833 760 663 582 509 486 478 458 439 432 426 407 404 404 415 426 424 435 455 473 466 435 401 397 399 379 372 364 336 333 339 326 331 337 334 316 315 305 294 291 291 291 291 313 321 296 296 291 291 294 324 353 362 372 371 376 373 324 287 272 264 252 230 247 280 257 257 238 219 252 257 283 280 286 297 285 279 345 431 446
858 794 790 768 733 729 762 849 935 984 989 979 888 780 682 593 534 520 507 483 435 458 483 473 443 408 380 369 362 362 372 405 449 451 399 378 384 407 382 351 335 350 345 328 314 316 307 300 305 311 297 292 291 291 304 325 317 299 297 289 286 289 309 339 367 397 404 383 341 330 301 255 274 318 298 262 286 317 316 284 231 221 220 224 234 221 234 252 249 279 395 473
966 930 888 857 827 779 794 820 876 949 1000 998 901 799 739 691 650 630 584 497 464 516 539 555 581 507 427 388 364 353 351 353 366 381 390 387 363 367 381 348 336 340 357 354 334 335 321 302 298 297 295 295 297 310 343 336 309 306 313 291 288 308 326 316 343 357 367 353 346 345 330 298 351 392 367 329 310 277 253 250 240 244 248 249 257 229 201 221 268 328 377 442
916 951 974 965 921 852 796 806 859 920 964 970 955 887 823 760 674 598 535 521 555 584 631 644 631 552 470 429 390 367 360 352 345 342 341 341 334 334 337 332 328 334 346 357 378 389 370 338 342 335 311 309 316 355 413 405 360 315 294 288 288 300 308 307 313 316 334 352 364 378 362 326 348 393 377 368 361 315 258 230 248 279 284 283 278 259 216 257 311 351 390 412
810 853 897 943 949 934 879 817 826 861 893 926 933 876 810 763 686 653 627 609 662 699 728 751 697 610 531 492 443 387 369 359 347 340 337 334 333 331 331 329 329 328 333 347 364 377 384 382 393 400 374 343 366 400 440 466 405 347 316 304 296 314 315 297 295 300 312 329 348 369 394 412 348 367 385 373 344 303 257 239 231 246 254 263 237 209 220 266 286 283 314 364
753 759 772 815 850 927 943 902 853 854 910 935 939 923 878 852 811 769 749 718 740 782 828 840 764 680 630 620 518 428 379 360 351 344 339 334 334 334 333 333 344 336 328 329 333 336 352 372 351 357 383 386 383 424 457 455 417 360 346 341 328 326 360 327 299 304 310 300 335 357 332 365 338 350 381 376 359 325 282 255 259 251 232 224 218 198 207 220 226 232 262 324
704 705 691 710 772 857 932 959 898 842 862 890 938 974 980 956 917 890 863 823 835 877 894 836 782 740 666 606 541 450 409 381 351 344 338 337 339 341 337 337 356 370 346 333 329 330 330 333 334 335 342 362 369 380 405 382 374 352 338 323 314 305 311 310 304 304 294 296 312 315 324 330 321 315 328 333 345 332 315 289 270 279 276 248 207 189 187 186 188 197 228 257
653 667 665 691 734 786 850 908 932 877 869 905 946 996 988 979 948 938 932 887 874 878 855 782 709 681 637 555 481 430 393 387 355 344 341 342 342 343 339 340 359 407 411 370 341 334 330 330 331 333 338 346 357 397 404 357 328 320 310 316 306 301 298 297 298 298 296 296 295 317 379 390 388 362 343 321 345 340 325 316 306 324 331 293 212 186 185 203 227 203 224 277
644 644 653 661 707 759 783 842 915 925 894 897 932 969 985 981 903 850 842 802 788 799 773 736 667 594 548 546 497 423 381 383 378 351 345 346 346 362 359 352 396 442 444 380 341 336 332 331 332 333 334 339 366 398 397 356 326 327 319 305 298 297 299 303 313 312 335 342 334 359 363 328 342 350 335 327 353 355 344 338 335 357 369 298 221 195 192 220 233 209 204 250
696 658 644 665 701 704 738 822 897 956 970 974 967 992 1012 1027 958 875 826 780 720 694 685 635 593 558 496 469 487 438 383 365 362 355 355 352 349 369 409 385 408 467 452 390 350 337 333 333 335 336 337 337 346 356 358 353 339 350 344 319 304 299 309 368 405 389 398 394 422 450 376 314 317 316 323 350 360 362 362 352 347 355 352 306 249 218 216 263 255 217 188 227
686 694 660 656 669 679 740 807 839 889 948 1004 1000 985 1003 1018 988 945 894 845 765 682 625 569 519 502 485 437 416 391 383 385 398 382 363 355 352 369 436 461 484 519 495 420 375 354 342 340 340 341 339 340 341 341 335 330 333 329 333 334 320 309 320 396 443 445 421 430 411 368 326 312 310 309 318 347 361 354 341 339 338 341 339 324 307 287 272 278 268 235 195 188
612 629 666 707 712 687 710 737 766 857 927 945 916 907 956 1003 1033 1009 946 888 822 746 671 605 532 455 427 403 390 413 470 484 457 406 382 373 359 358 384 431 488 531 546 512 463 409 387 372 361 358 349 344 344 346 344 337 321 319 318 317 323 308 310 353 423 476 492 468 431 402 360 352 343 336 361 386 394 368 342 338 340 344 332 310 298 295 280 270 254 225 196 188
553 547 583 641 678 639 641 639 691 801 852 833 809 809 862 907 918 942 943 892 837 781 703 616 545 467 469 441 424 464 552 595 534 441 413 400 376 364 371 405 445 490 563 598 572 504 467 434 410 389 380 355 350 350 349 341 334 365 368 334 317 307 307 335 370 441 485 423 432 451 445 447 414 401 388 357 355 365 361 343 351 338 325 306 290 287 258 253 239 217 211 198
494 476 507 556 536 500 496 532 625 728 788 757 726 733 801 837 829 862 914 874 786 724 662 584 531 537 553 511 471 474 550 621 594 520 480 425 400 382 372 387 456 517 540 574 582 585 548 530 502 470 401 361 365 361 358 344 337 373 397 373 323 307 307 317 329 382 395 352 349 372 442 504 462 394 341 323 352 412 406 363 369 347 323 307 288 272 262 241 233 201 199 189
389 368 430 509 475 410 364 440 503 568 651 677 648 680 756 751 762 823 908 891 809 732 669 618 600 631 610 574 537 538 590 648 635 603 543 471 437 411 374 380 422 455 444 454 473 545 593 596 570 502 414 378 374 369 365 344 339 363 383 373 357 322 312 321 335 342 328 323 332 368 400 417 388 341 305 322 379 459 459 373 323 272 250 268 280 274 270 263 238 219 196 169
302 274 346 448 410 333 284 345 399 426 481 530 550 614 653 675 757 843 892 896 849 791 769 744 723 685 660 639 615 619 674 697 654 597 539 478 483 435 381 376 385 399 437 502 510 503 594 658 618 551 477 424 411 394 376 355 360 353 358 364 386 378 330 322 337 360 362 372 349 313 318 344 334 284 311 339 366 392 382 309 260 227 200 207 257 271 267 268 268 260 253 207
209 232 328 414 366 276 213 255 303 311 317 357 446 537 623 680 741 776 817 858 868 869 864 844 793 745 722 728 731 729 781 768 674 608 549 544 516 454 416 384 383 394 420 485 567 586 629 714 724 636 553 521 504 469 409 403 394 373 382 403 395 396 375 373 383 385 416 417 386 335 292 274 275 267 317 363 372 326 308 282 237 210 195 186 202 223 255 268 257 266 250 209
206 276 327 373 349 277 204 185 203 236 303 322 355 423 536 633 658 691 727 744 773 844 859 838 804 771 768 808 829 805 837 800 711 632 593 614 581 516 467 407 391 400 444 501 603 679 712 758 723 661 599 533 515 479 420 419 462 463 431 417 440 447 432 441 462 479 505 516 468 398 360 348 308 291 265 290 342 329 271 279 267 210 194 186 181 185 206 220 232 241 240 224
229 273 302 317 273 280 241 177 210 259 235 216 288 410 515 554 576 625 635 641 686 767 757 740 723 699 685 713 719 730 774 814 774 709 697 683 610 523 454 429 423 404 436 492 546 610 665 683 647 582 510 453 430 456 481 451 494 538 495 455 443 492 516 529 550 560 558 561 531 504 468 435 400 376 296 249 242 245 261 241 212 200 222 250 219 191 185 179 187 206 210 205
261 326 369 339 283 242 224 172 168 210 186 226 300 375 429 448 505 524 516 564 621 651 639 634 610 563 570 613 659 727 765 829 900 855 804 745 672 588 504 463 436 422 410 436 477 532 578 610 608 563 507 457 441 511 521 490 563 621 591 539 489 482 516 562 585 570 550 507 475 506 528 521 487 411 342 293 285 281 240 225 220 256 276 307 279 234 203 202 194 189 200 205
363 403 437 428 358 284 228 184 153 144 176 242 307 296 313 380 428 423 425 481 512 534 540 534 494 484 531 585 652 736 787 830 941 944 837 760 682 592 507 496 503 491 443 490 546 606 636 652 666 652 589 495 470 485 512 583 629 702 692 623 561 505 517 579 578 523 472 431 385 400 461 501 515 447 384 366 377 339 270 233 261 324 357 370 343 268 234 260 256 252 271 270
419 449 444 396 345 286 237 174 145 142 175 223 220 212 291 350 329 318 342 391 421 434 447 411 427 483 532 575 656 767 824 883 979 923 760 677 619 571 534 540 541 531 473 492 584 643 706 747 719 655 602 550 549 525 567 657 694 732 782 754 667 566 547 598 587 515 437 386 319 312 377 436 496 508 496 478 422 354 293 261 259 315 394 407 353 312 300 338 331 327 309 272
