tests/sfo.asc
ncols        722
nrows        696
xllcorner    -123.925000000000
yllcorner    36.300000000000
cellsize     0.004166666667
NODATA_value -32767
[rows 246 to 286 of 696, columns 0 to 91 of 722]
-3529 -3531 -3525 -3514 -3496 -3498 -3490 -3495 -3467 -3456 -3450 -3435 -3419 -3392 -3367 -3357 -3346 -3328 -3311 -3297 -3280 -3270 -3301 -3321 -3290 -3231 -3181 -3156 -3117 -3086 -3078 -3066 -2993 -2830 -2694 -2597 -2523 -2460 -2419 -2384 -2357 -2333 -2296 -2260 -2220 -2189 -2174 -2165 -2141 -2100 -2069 -2045 -2033 -2016 -2001 -1995 -1994 -1903 -1876 -1816 -1750 -1719 -1676 -1647 -1648 -1623 -1574 -1534 -1512 -1488 -1431 -1417 -1371 -1316 -1289 -1231 -1144 -1077 -1016 -963 -919 -878 -852 -822 -744 -699 -662 -628 -601 -581 -565 -552
-3528 -3530 -3526 -3526 -3522 -3519 -3517 -3506 -3495 -3484 -3474 -3452 -3419 -3381 -3351 -3342 -3330 -3314 -3302 -3289 -3285 -3285 -3316 -3340 -3321 -3256 -3212 -3196 -3179 -3143 -3090 -3027 -2911 -2759 -2654 -2555 -2486 -2438 -2411 -2387 -2357 -2319 -2282 -2255 -2228 -2205 -2188 -2169 -2146 -2121 -2104 -2075 -2036 -2001 -1979 -1966 -1964 -1896 -1865 -1806 -1762 -1756 -1740 -1716 -1671 -1624 -1583 -1548 -1522 -1511 -1497 -1468 -1407 -1348 -1311 -1261 -1166 -1092 -1029 -977 -937 -902 -862 -825 -806 -722 -680 -648 -621 -599 -581 -567
-3534 -3531 -3527 -3526 -3525 -3522 -3519 -3507 -3496 -3488 -3475 -3429 -3385 -3362 -3351 -3339 -3326 -3319 -3311 -3301 -3303 -3320 -3342 -3364 -3354 -3276 -3223 -3180 -3151 -3080 -2963 -2876 -2776 -2715 -2660 -2559 -2499 -2459 -2415 -2371 -2335 -2317 -2315 -2308 -2276 -2242 -2209 -2178 -2157 -2141 -2125 -2099 -2062 -2018 -1986 -1968 -1964 -1923 -1882 -1836 -1808 -1773 -1736 -1707 -1665 -1627 -1605 -1590 -1570 -1551 -1522 -1482 -1437 -1388 -1336 -1284 -1202 -1126 -1060 -1003 -958 -921 -881 -848 -821 -810 -719 -684 -656 -629 -608 -593
-3534 -3531 -3528 -3524 -3521 -3514 -3500 -3496 -3494 -3485 -3464 -3421 -3390 -3380 -3379 -3372 -3354 -3335 -3315 -3312 -3320 -3339 -3368 -3376 -3336 -3279 -3203 -3131 -3099 -3021 -2839 -2770 -2699 -2647 -2625 -2579 -2546 -2506 -2446 -2414 -2401 -2400 -2394 -2366 -2318 -2274 -2246 -2217 -2179 -2146 -2118 -2089 -2060 -2036 -2013 -1995 -1985 -1953 -1921 -1879 -1828 -1767 -1722 -1694 -1670 -1649 -1625 -1597 -1570 -1556 -1553 -1513 -1459 -1408 -1361 -1308 -1242 -1166 -1095 -1034 -982 -942 -908 -875 -851 -842 -746 -707 -676 -645 -625 -611
-3531 -3532 -3529 -3520 -3514 -3506 -3490 -3494 -3495 -3485 -3472 -3463 -3435 -3426 -3411 -3405 -3395 -3372 -3334 -3305 -3322 -3335 -3338 -3343 -3314 -3244 -3120 -3021 -2932 -2857 -2780 -2723 -2671 -2638 -2625 -2625 -2611 -2564 -2517 -2495 -2484 -2469 -2437 -2411 -2362 -2302 -2276 -2244 -2182 -2144 -2114 -2092 -2073 -2059 -2046 -2023 -1997 -1948 -1905 -1867 -1825 -1774 -1729 -1704 -1679 -1654 -1644 -1635 -1616 -1582 -1566 -1532 -1484 -1424 -1368 -1305 -1236 -1191 -1141 -1078 -1026 -980 -942 -901 -873 -858 -780 -739 -701 -665 -641 -625
-3531 -3534 -3534 -3525 -3519 -3512 -3496 -3499 -3498 -3486 -3479 -3469 -3447 -3423 -3412 -3408 -3404 -3393 -3359 -3311 -3285 -3276 -3273 -3237 -3239 -3175 -3066 -2988 -2908 -2836 -2783 -2721 -2697 -2681 -2686 -2701 -2687 -2628 -2554 -2506 -2480 -2450 -2403 -2373 -2346 -2307 -2281 -2239 -2184 -2162 -2144 -2126 -2105 -2082 -2054 -2015 -1976 -1920 -1890 -1860 -1824 -1792 -1753 -1752 -1731 -1702 -1702 -1673 -1629 -1583 -1549 -1536 -1495 -1446 -1393 -1328 -1268 -1228 -1186 -1132 -1086 -1032 -980 -942 -917 -889 -817 -774 -736 -702 -673 -648
-3529 -3528 -3532 -3535 -3534 -3520 -3505 -3506 -3502 -3500 -3505 -3470 -3424 -3399 -3393 -3382 -3382 -3364 -3321 -3292 -3251 -3217 -3199 -3169 -3187 -3146 -3053 -2963 -2918 -2875 -2860 -2816 -2772 -2723 -2698 -2716 -2713 -2646 -2545 -2483 -2451 -2401 -2346 -2332 -2354 -2371 -2371 -2305 -2215 -2188 -2163 -2130 -2094 -2060 -2031 -2002 -1970 -1954 -1916 -1880 -1850 -1814 -1808 -1809 -1767 -1726 -1675 -1632 -1595 -1568 -1532 -1512 -1495 -1473 -1432 -1378 -1301 -1253 -1218 -1192 -1143 -1089 -1035 -1002 -960 -918 -883 -807 -766 -732 -703 -680
-3526 -3528 -3526 -3528 -3528 -3520 -3511 -3508 -3497 -3508 -3514 -3474 -3415 -3386 -3368 -3353 -3336 -3320 -3300 -3274 -3253 -3239 -3224 -3162 -3133 -3103 -3041 -3032 -3052 -3018 -2892 -2847 -2788 -2725 -2678 -2672 -2645 -2582 -2521 -2485 -2452 -2406 -2358 -2357 -2381 -2408 -2409 -2311 -2215 -2176 -2146 -2113 -2084 -2061 -2038 -2016 -1984 -1960 -1962 -1904 -1886 -1859 -1828 -1815 -1755 -1706 -1670 -1638 -1606 -1575 -1554 -1556 -1551 -1522 -1473 -1431 -1361 -1325 -1279 -1229 -1174 -1121 -1075 -1038 -992 -943 -905 -875 -780 -748 -721 -700
-3520 -3518 -3521 -3522 -3517 -3511 -3506 -3503 -3491 -3506 -3508 -3468 -3404 -3377 -3359 -3342 -3328 -3314 -3294 -3283 -3285 -3303 -3278 -3222 -3186 -3164 -3161 -3155 -3130 -3069 -2980 -2819 -2762 -2709 -2662 -2632 -2588 -2549 -2529 -2509 -2477 -2436 -2402 -2406 -2399 -2398 -2372 -2287 -2218 -2171 -2146 -2108 -2094 -2074 -2059 -2045 -2019 -2001 -1994 -2000 -1909 -1853 -1795 -1781 -1774 -1738 -1706 -1672 -1645 -1632 -1622 -1609 -1598 -1581 -1580 -1541 -1491 -1444 -1336 -1258 -1203 -1154 -1102 -1051 -1006 -952 -905 -876 -781 -750 -723 -703
-3514 -3515 -3517 -3516 -3513 -3508 -3501 -3496 -3489 -3495 -3479 -3428 -3392 -3372 -3360 -3352 -3340 -3321 -3307 -3304 -3322 -3337 -3334 -3322 -3332 -3236 -3220 -3150 -3071 -2995 -2925 -2816 -2763 -2726 -2675 -2626 -2586 -2564 -2553 -2549 -2523 -2501 -2452 -2444 -2428 -2388 -2373 -2322 -2250 -2213 -2180 -2143 -2118 -2114 -2102 -2085 -2056 -2028 -1996 -1967 -1904 -1847 -1834 -1825 -1794 -1763 -1741 -1712 -1690 -1691 -1680 -1661 -1639 -1635 -1650 -1584 -1535 -1469 -1370 -1265 -1198 -1149 -1103 -1051 -988 -931 -884 -848 -765 -741 -721 -703
-3529 -3524 -3516 -3514 -3514 -3508 -3497 -3490 -3482 -3477 -3491 -3434 -3393 -3382 -3369 -3364 -3360 -3346 -3334 -3336 -3343 -3346 -3348 -3339 -3300 -3213 -3120 -3020 -2962 -2887 -2821 -2819 -2798 -2756 -2711 -2664 -2623 -2592 -2557 -2552 -2556 -2526 -2516 -2488 -2445 -2396 -2383 -2389 -2371 -2290 -2214 -2193 -2164 -2140 -2118 -2094 -2054 -2014 -1990 -1975 -1926 -1881 -1864 -1851 -1811 -1802 -1792 -1788 -1767 -1750 -1718 -1670 -1638 -1617 -1594 -1506 -1435 -1386 -1319 -1227 -1160 -1117 -1073 -1029 -972 -918 -869 -830 -752 -726 -708 -693
-3538 -3527 -3510 -3514 -3509 -3496 -3492 -3494 -3479 -3481 -3501 -3438 -3399 -3392 -3380 -3373 -3367 -3361 -3351 -3340 -3329 -3309 -3269 -3219 -3154 -3059 -3018 -2944 -2902 -2864 -2837 -2851 -2828 -2762 -2720 -2678 -2624 -2590 -2552 -2525 -2544 -2539 -2520 -2512 -2503 -2442 -2405 -2411 -2425 -2373 -2250 -2209 -2173 -2139 -2104 -2093 -2077 -2050 -2033 -2017 -1959 -1908 -1893 -1863 -1868 -1866 -1855 -1840 -1797 -1748 -1695 -1666 -1656 -1620 -1579 -1524 -1458 -1403 -1336 -1242 -1193 -1138 -1082 -1030 -966 -918 -869 -822 -790 -713 -694 -679
-3509 -3523 -3513 -3512 -3508 -3501 -3497 -3498 -3479 -3489 -3497 -3441 -3407 -3398 -3386 -3374 -3366 -3357 -3342 -3328 -3271 -3216 -3158 -3120 -3098 -3002 -2981 -2992 -2991 -2944 -2907 -2849 -2823 -2775 -2742 -2707 -2649 -2621 -2584 -2573 -2552 -2527 -2511 -2528 -2542 -2499 -2456 -2444 -2392 -2300 -2236 -2208 -2180 -2164 -2141 -2127 -2102 -2076 -2059 -2024 -1988 -1956 -1948 -1922 -1926 -1908 -1910 -1895 -1847 -1780 -1768 -1727 -1690 -1643 -1592 -1562 -1495 -1433 -1378 -1300 -1214 -1155 -1105 -1045 -987 -926 -872 -823 -788 -714 -687 -678
-3521 -3515 -3511 -3517 -3516 -3514 -3500 -3486 -3483 -3483 -3473 -3428 -3406 -3393 -3379 -3366 -3356 -3342 -3320 -3297 -3251 -3209 -3170 -3136 -3111 -3095 -3026 -3034 -3028 -2949 -2879 -2828 -2823 -2792 -2787 -2761 -2701 -2668 -2636 -2628 -2588 -2552 -2529 -2540 -2544 -2517 -2469 -2398 -2330 -2286 -2263 -2247 -2230 -2278 -2235 -2165 -2124 -2107 -2079 -1981 -1965 -2076 -2121 -2078 -1973 -1925 -1923 -1895 -1894 -1886 -1847 -1781 -1726 -1677 -1624 -1583 -1538 -1488 -1449 -1375 -1253 -1182 -1138 -1061 -996 -931 -868 -817 -783 -765 -690 -677
-3533 -3543 -3542 -3532 -3513 -3489 -3468 -3455 -3451 -3443 -3429 -3415 -3404 -3386 -3368 -3350 -3340 -3340 -3323 -3285 -3274 -3246 -3206 -3193 -3188 -3148 -3051 -2998 -2979 -2940 -2893 -2839 -2834 -2848 -2845 -2863 -2773 -2715 -2681 -2644 -2607 -2587 -2559 -2534 -2530 -2507 -2469 -2442 -2387 -2365 -2361 -2320 -2290 -2272 -2219 -2164 -2118 -2078 -2043 -2021 -2020 -2142 -2149 -2166 -2043 -1994 -2037 -2105 -2043 -1953 -1918 -1884 -1788 -1734 -1662 -1592 -1542 -1494 -1413 -1330 -1259 -1192 -1134 -1070 -1004 -930 -862 -812 -769 -745 -675 -647
-3546 -3546 -3541 -3506 -3482 -3473 -3463 -3454 -3448 -3437 -3423 -3414 -3406 -3387 -3370 -3355 -3357 -3369 -3363 -3322 -3286 -3243 -3201 -3173 -3152 -3094 -3037 -3009 -2984 -2945 -2914 -2876 -2856 -2869 -2867 -2892 -2779 -2738 -2732 -2675 -2628 -2594 -2571 -2550 -2555 -2581 -2556 -2508 -2482 -2514 -2398 -2343 -2310 -2273 -2227 -2192 -2175 -2152 -2119 -2124 -2163 -2217 -2189 -2215 -2133 -2153 -2162 -2132 -2031 -1931 -1865 -1796 -1744 -1701 -1653 -1585 -1515 -1447 -1399 -1344 -1289 -1218 -1157 -1078 -1011 -930 -864 -809 -761 -699 -657 -617
-3542 -3523 -3501 -3487 -3479 -3470 -3462 -3455 -3446 -3435 -3422 -3408 -3395 -3385 -3376 -3355 -3352 -3353 -3329 -3285 -3241 -3195 -3159 -3127 -3097 -3058 -3054 -3088 -3061 -3003 -2965 -2936 -2904 -2887 -2851 -2825 -2792 -2766 -2741 -2705 -2629 -2617 -2653 -2628 -2608 -2644 -2645 -2591 -2540 -2508 -2429 -2383 -2369 -2319 -2270 -2259 -2252 -2216 -2204 -2271 -2279 -2256 -2223 -2285 -2289 -2255 -2192 -2070 -1980 -1940 -1913 -1874 -1797 -1724 -1694 -1618 -1582 -1483 -1413 -1337 -1311 -1252 -1189 -1114 -1037 -965 -886 -820 -766 -695 -651 -598
-3513 -3499 -3489 -3482 -3474 -3467 -3459 -3451 -3442 -3431 -3419 -3406 -3390 -3380 -3372 -3358 -3341 -3321 -3294 -3270 -3237 -3200 -3168 -3139 -3112 -3094 -3116 -3092 -3064 -3029 -2959 -2933 -2907 -2902 -2930 -2962 -2889 -2781 -2720 -2690 -2679 -2690 -2700 -2690 -2680 -2704 -2737 -2658 -2580 -2522 -2475 -2431 -2387 -2353 -2340 -2330 -2304 -2271 -2293 -2422 -2427 -2364 -2369 -2412 -2375 -2273 -2180 -2133 -2108 -2079 -2014 -1913 -1835 -1795 -1746 -1645 -1596 -1547 -1471 -1426 -1393 -1387 -1254 -1163 -1064 -992 -906 -836 -776 -720 -653 -595
-3505 -3496 -3486 -3477 -3471 -3465 -3458 -3450 -3440 -3427 -3418 -3407 -3390 -3377 -3368 -3357 -3340 -3318 -3291 -3276 -3259 -3239 -3226 -3196 -3167 -3140 -3135 -3103 -3060 -3015 -2949 -2915 -2894 -2893 -2906 -2906 -2881 -2801 -2778 -2767 -2751 -2743 -2751 -2757 -2753 -2768 -2761 -2719 -2630 -2580 -2525 -2477 -2439 -2417 -2411 -2391 -2349 -2323 -2374 -2498 -2483 -2479 -2512 -2473 -2420 -2364 -2310 -2239 -2145 -2052 -1970 -1887 -1813 -1783 -1767 -1700 -1601 -1519 -1505 -1464 -1372 -1294 -1233 -1143 -1066 -1003 -923 -855 -794 -730 -661 -595
-3502 -3494 -3485 -3477 -3471 -3464 -3458 -3449 -3440 -3432 -3425 -3414 -3391 -3365 -3364 -3353 -3333 -3332 -3344 -3347 -3341 -3311 -3266 -3216 -3176 -3161 -3142 -3119 -3075 -3022 -2981 -2964 -2949 -2931 -2881 -2860 -2873 -2862 -2868 -2859 -2832 -2807 -2808 -2821 -2814 -2810 -2779 -2715 -2658 -2617 -2565 -2530 -2517 -2514 -2485 -2429 -2403 -2439 -2506 -2570 -2563 -2559 -2532 -2478 -2390 -2294 -2247 -2230 -2181 -2112 -2057 -1990 -1885 -1803 -1755 -1708 -1621 -1484 -1398 -1333 -1289 -1252 -1182 -1110 -1052 -996 -935 -870 -807 -740 -685 -591
-3500 -3492 -3486 -3479 -3473 -3465 -3459 -3451 -3443 -3437 -3432 -3423 -3405 -3389 -3383 -3367 -3348 -3351 -3369 -3374 -3356 -3320 -3268 -3242 -3230 -3216 -3160 -3110 -3068 -3039 -3030 -3016 -2991 -2962 -2897 -2887 -2926 -2963 -2988 -2948 -2886 -2861 -2869 -2875 -2869 -2850 -2812 -2729 -2675 -2622 -2630 -2643 -2639 -2645 -2576 -2494 -2513 -2592 -2618 -2606 -2602 -2579 -2521 -2441 -2332 -2214 -2141 -2108 -2118 -2126 -2092 -2015 -1902 -1793 -1741 -1705 -1673 -1555 -1461 -1349 -1285 -1204 -1164 -1128 -1071 -1014 -959 -890 -827 -760 -689 -584
-3501 -3494 -3488 -3482 -3475 -3468 -3462 -3455 -3449 -3443 -3440 -3436 -3422 -3416 -3408 -3393 -3363 -3347 -3359 -3362 -3342 -3309 -3269 -3243 -3232 -3212 -3170 -3125 -3103 -3096 -3080 -3055 -3023 -2973 -2955 -2972 -3014 -3062 -3095 -3028 -2949 -2926 -2932 -2929 -2905 -2869 -2853 -2825 -2750 -2722 -2753 -2774 -2804 -2755 -2716 -2697 -2691 -2698 -2665 -2631 -2602 -2555 -2492 -2415 -2317 -2219 -2154 -2065 -1980 -1934 -1933 -1927 -1847 -1772 -1727 -1693 -1669 -1592 -1483 -1371 -1285 -1230 -1180 -1131 -1105 -1057 -1000 -921 -850 -772 -692 -634
-3505 -3498 -3492 -3486 -3480 -3474 -3468 -3460 -3455 -3451 -3446 -3441 -3434 -3420 -3408 -3394 -3369 -3352 -3358 -3354 -3332 -3299 -3268 -3232 -3216 -3203 -3192 -3179 -3170 -3157 -3135 -3123 -3077 -3063 -3076 -3062 -3108 -3158 -3167 -3087 -3015 -3002 -3041 -3044 -2965 -2961 -2994 -2979 -2950 -2948 -2909 -2893 -2886 -2860 -2835 -2818 -2789 -2750 -2709 -2645 -2565 -2463 -2386 -2292 -2154 -2076 -2043 -1981 -1908 -1844 -1833 -1868 -1849 -1773 -1704 -1674 -1641 -1594 -1468 -1378 -1318 -1274 -1221 -1164 -1124 -1110 -1018 -935 -864 -786 -698 -625
-3507 -3503 -3496 -3489 -3484 -3477 -3474 -3465 -3458 -3454 -3449 -3439 -3430 -3421 -3407 -3396 -3383 -3373 -3365 -3348 -3323 -3294 -3272 -3254 -3239 -3239 -3247 -3245 -3233 -3221 -3212 -3193 -3157 -3171 -3157 -3143 -3181 -3195 -3193 -3139 -3100 -3111 -3134 -3122 -3089 -3084 -3067 -3043 -3028 -3004 -2969 -2940 -2909 -2882 -2859 -2835 -2800 -2760 -2724 -2646 -2521 -2387 -2279 -2207 -2176 -2088 -2011 -1944 -1889 -1835 -1800 -1805 -1801 -1759 -1665 -1646 -1604 -1532 -1467 -1411 -1351 -1297 -1231 -1166 -1118 -1087 -1031 -953 -882 -801 -715 -634
-3512 -3508 -3499 -3492 -3487 -3481 -3476 -3468 -3463 -3458 -3453 -3442 -3434 -3428 -3409 -3399 -3391 -3382 -3369 -3359 -3332 -3324 -3302 -3279 -3270 -3279 -3286 -3284 -3275 -3264 -3257 -3247 -3235 -3232 -3213 -3217 -3221 -3216 -3209 -3199 -3187 -3174 -3162 -3150 -3135 -3115 -3092 -3066 -3044 -3017 -2980 -2944 -2903 -2872 -2845 -2792 -2735 -2710 -2695 -2650 -2587 -2510 -2418 -2319 -2244 -2128 -2065 -2027 -1986 -1890 -1791 -1769 -1760 -1720 -1651 -1625 -1604 -1541 -1509 -1439 -1364 -1305 -1238 -1169 -1118 -1081 -1058 -985 -911 -833 -745 -653
-3517 -3508 -3503 -3496 -3489 -3484 -3479 -3473 -3469 -3465 -3456 -3445 -3437 -3428 -3416 -3406 -3396 -3389 -3380 -3370 -3357 -3350 -3334 -3322 -3313 -3310 -3304 -3296 -3286 -3276 -3269 -3263 -3258 -3254 -3249 -3245 -3235 -3225 -3216 -3206 -3194 -3181 -3168 -3155 -3138 -3114 -3081 -3051 -3027 -2987 -2952 -2917 -2876 -2842 -2809 -2746 -2665 -2616 -2604 -2575 -2554 -2540 -2516 -2426 -2308 -2247 -2218 -2172 -2118 -1979 -1834 -1801 -1764 -1725 -1692 -1666 -1633 -1592 -1538 -1437 -1352 -1285 -1227 -1171 -1123 -1086 -1050 -1022 -932 -861 -779 -686
-3521 -3512 -3506 -3500 -3494 -3489 -3485 -3479 -3475 -3466 -3457 -3447 -3439 -3431 -3424 -3414 -3403 -3394 -3383 -3370 -3359 -3356 -3352 -3344 -3332 -3322 -3312 -3302 -3292 -3284 -3279 -3275 -3271 -3266 -3261 -3254 -3240 -3231 -3221 -3209 -3194 -3177 -3160 -3138 -3109 -3062 -2984 -2947 -2940 -2887 -2859 -2814 -2790 -2782 -2758 -2709 -2640 -2575 -2541 -2504 -2463 -2446 -2422 -2389 -2313 -2275 -2249 -2214 -2154 -2040 -1949 -1910 -1817 -1763 -1725 -1693 -1666 -1625 -1569 -1456 -1384 -1324 -1271 -1231 -1188 -1129 -1065 -1027 -968 -889 -814 -719
-3525 -3517 -3512 -3506 -3500 -3495 -3490 -3486 -3482 -3474 -3465 -3453 -3447 -3440 -3431 -3422 -3409 -3397 -3385 -3373 -3363 -3355 -3355 -3346 -3336 -3326 -3315 -3304 -3298 -3295 -3291 -3284 -3278 -3271 -3263 -3254 -3242 -3225 -3211 -3196 -3162 -3119 -3062 -2983 -2921 -2896 -2837 -2817 -2804 -2747 -2690 -2625 -2602 -2666 -2685 -2622 -2543 -2492 -2473 -2462 -2415 -2388 -2333 -2327 -2180 -2095 -2080 -2069 -2049 -1999 -1930 -1867 -1803 -1766 -1724 -1686 -1650 -1629 -1542 -1441 -1386 -1319 -1259 -1214 -1160 -1099 -1043 -1002 -977 -916 -843 -756
-3528 -3521 -3517 -3511 -3506 -3500 -3494 -3489 -3485 -3478 -3469 -3457 -3451 -3443 -3434 -3425 -3414 -3402 -3391 -3381 -3365 -3359 -3346 -3340 -3336 -3327 -3318 -3312 -3309 -3306 -3300 -3292 -3281 -3268 -3250 -3234 -3215 -3173 -3137 -3113 -3080 -3038 -2997 -2953 -2905 -2855 -2803 -2756 -2731 -2690 -2653 -2609 -2566 -2544 -2523 -2468 -2394 -2343 -2329 -2334 -2316 -2313 -2310 -2292 -2266 -2111 -2022 -1957 -1887 -1844 -1798 -1737 -1726 -1718 -1700 -1661 -1613 -1549 -1495 -1440 -1380 -1315 -1261 -1215 -1164 -1111 -1067 -1030 -991 -936 -841 -783
-3533 -3526 -3521 -3515 -3512 -3504 -3497 -3492 -3487 -3481 -3473 -3461 -3452 -3446 -3439 -3427 -3419 -3406 -3396 -3386 -3374 -3360 -3347 -3343 -3341 -3335 -3329 -3325 -3322 -3315 -3307 -3296 -3279 -3256 -3227 -3197 -3160 -3129 -3104 -3089 -3067 -3030 -2992 -2958 -2920 -2875 -2822 -2771 -2736 -2710 -2681 -2639 -2596 -2556 -2507 -2438 -2365 -2309 -2267 -2220 -2178 -2187 -2279 -2261 -2248 -2207 -2135 -2043 -1951 -1900 -1851 -1767 -1714 -1696 -1677 -1625 -1570 -1541 -1510 -1474 -1408 -1344 -1281 -1226 -1176 -1120 -1074 -1034 -989 -929 -876 -804
-3538 -3529 -3527 -3519 -3514 -3506 -3499 -3494 -3489 -3483 -3477 -3464 -3455 -3449 -3440 -3431 -3422 -3410 -3399 -3387 -3374 -3363 -3352 -3349 -3349 -3346 -3341 -3336 -3328 -3317 -3304 -3287 -3265 -3239 -3210 -3184 -3159 -3138 -3116 -3099 -3069 -3015 -2955 -2904 -2859 -2821 -2769 -2729 -2691 -2672 -2643 -2615 -2598 -2560 -2516 -2450 -2378 -2333 -2289 -2222 -2151 -2119 -2202 -2233 -2233 -2230 -2218 -2170 -2075 -2000 -1958 -1883 -1777 -1725 -1759 -1751 -1678 -1656 -1623 -1590 -1535 -1452 -1329 -1228 -1178 -1132 -1093 -1053 -1010 -952 -904 -835
-3542 -3535 -3532 -3525 -3517 -3509 -3503 -3496 -3492 -3486 -3481 -3470 -3460 -3453 -3443 -3434 -3425 -3414 -3403 -3390 -3378 -3365 -3360 -3352 -3360 -3356 -3350 -3333 -3308 -3285 -3259 -3232 -3206 -3184 -3157 -3146 -3128 -3116 -3095 -3074 -3050 -3009 -2959 -2906 -2844 -2792 -2736 -2698 -2620 -2588 -2564 -2555 -2551 -2515 -2469 -2418 -2361 -2312 -2266 -2206 -2145 -2108 -2100 -2184 -2213 -2220 -2214 -2192 -2144 -2094 -2055 -1987 -1878 -1843 -1897 -1897 -1859 -1830 -1792 -1727 -1666 -1582 -1394 -1237 -1190 -1154 -1125 -1094 -1061 -998 -939 -876
-3547 -3538 -3533 -3528 -3523 -3516 -3506 -3500 -3495 -3490 -3484 -3476 -3464 -3455 -3447 -3438 -3428 -3420 -3410 -3397 -3383 -3371 -3367 -3368 -3361 -3362 -3356 -3329 -3287 -3251 -3223 -3196 -3177 -3147 -3125 -3106 -3085 -3062 -3044 -3035 -3017 -2972 -2936 -2903 -2846 -2784 -2733 -2661 -2583 -2531 -2504 -2494 -2478 -2461 -2432 -2389 -2341 -2301 -2263 -2214 -2171 -2101 -2060 -2097 -2153 -2163 -2182 -2182 -2155 -2116 -2084 -2038 -1966 -1970 -1965 -1944 -1922 -1880 -1842 -1791 -1697 -1577 -1399 -1265 -1221 -1188 -1168 -1134 -1101 -1039 -972 -916
-3551 -3544 -3535 -3532 -3526 -3521 -3512 -3506 -3498 -3494 -3488 -3481 -3472 -3458 -3451 -3443 -3435 -3427 -3415 -3403 -3389 -3381 -3380 -3377 -3370 -3363 -3360 -3346 -3303 -3254 -3236 -3219 -3197 -3152 -3121 -3102 -3083 -3060 -3021 -2987 -2955 -2914 -2882 -2847 -2811 -2769 -2709 -2647 -2592 -2560 -2567 -2538 -2524 -2514 -2482 -2430 -2372 -2333 -2302 -2259 -2230 -2146 -2098 -2025 -2018 -1983 -2040 -2112 -2134 -2114 -2087 -2056 -2008 -1985 -1964 -1945 -1920 -1878 -1833 -1747 -1600 -1456 -1349 -1288 -1260 -1237 -1202 -1159 -1120 -1068 -994 -943
-3555 -3548 -3539 -3535 -3529 -3524 -3516 -3509 -3503 -3498 -3491 -3483 -3474 -3458 -3451 -3443 -3437 -3430 -3421 -3409 -3401 -3395 -3387 -3381 -3372 -3366 -3354 -3345 -3318 -3285 -3263 -3252 -3219 -3170 -3129 -3105 -3085 -3004 -2983 -2962 -2932 -2902 -2885 -2818 -2771 -2732 -2691 -2681 -2657 -2616 -2625 -2599 -2579 -2549 -2501 -2482 -2421 -2370 -2338 -2315 -2259 -2140 -2097 -2028 -2008 -1981 -1962 -2000 -2058 -2072 -2047 -2009 -1959 -1930 -1879 -1877 -1851 -1813 -1754 -1623 -1491 -1434 -1394 -1341 -1291 -1241 -1189 -1140 -1108 -1076 -1013 -954
-3557 -3549 -3543 -3537 -3532 -3526 -3519 -3512 -3506 -3501 -3492 -3482 -3472 -3457 -3451 -3444 -3439 -3434 -3428 -3422 -3412 -3402 -3394 -3388 -3377 -3374 -3367 -3355 -3335 -3319 -3304 -3295 -3246 -3203 -3142 -3095 -3045 -2999 -2999 -2989 -2965 -2934 -2917 -2878 -2839 -2789 -2769 -2732 -2691 -2654 -2653 -2649 -2585 -2524 -2479 -2474 -2403 -2379 -2354 -2301 -2288 -2222 -2119 -2090 -2136 -2116 -2073 -2020 -2005 -1971 -1908 -1865 -1825 -1791 -1712 -1726 -1700 -1659 -1608 -1538 -1481 -1446 -1400 -1337 -1279 -1232 -1189 -1150 -1124 -1094 -1043 -985
-3554 -3546 -3539 -3534 -3529 -3523 -3518 -3513 -3507 -3500 -3492 -3484 -3473 -3467 -3461 -3453 -3445 -3437 -3429 -3422 -3413 -3406 -3398 -3391 -3386 -3379 -3373 -3370 -3367 -3352 -3329 -3299 -3262 -3223 -3165 -3099 -3044 -3028 -3023 -3016 -3011 -2997 -2984 -2933 -2895 -2842 -2793 -2750 -2736 -2738 -2690 -2616 -2558 -2510 -2478 -2436 -2387 -2358 -2339 -2315 -2281 -2263 -2310 -2319 -2281 -2195 -2157 -2062 -1970 -1900 -1853 -1824 -1783 -1755 -1725 -1675 -1639 -1601 -1569 -1530 -1485 -1444 -1406 -1360 -1309 -1259 -1214 -1179 -1143 -1108 -1059 -1001
-3551 -3547 -3541 -3536 -3530 -3525 -3518 -3514 -3510 -3505 -3499 -3492 -3484 -3477 -3467 -3452 -3441 -3431 -3424 -3420 -3414 -3406 -3398 -3391 -3383 -3371 -3361 -3348 -3352 -3347 -3324 -3292 -3258 -3213 -3144 -3082 -3045 -3058 -3055 -3054 -3049 -3044 -3042 -3031 -2968 -2895 -2846 -2832 -2810 -2717 -2676 -2619 -2597 -2571 -2546 -2485 -2440 -2435 -2441 -2452 -2475 -2466 -2426 -2293 -2107 -2126 -2126 -2087 -2009 -1948 -1931 -1916 -1883 -1857 -1803 -1685 -1656 -1640 -1611 -1574 -1522 -1480 -1423 -1376 -1348 -1296 -1237 -1197 -1161 -1121 -1081 -1034
-3552 -3549 -3546 -3538 -3532 -3526 -3518 -3515 -3512 -3506 -3502 -3495 -3487 -3479 -3467 -3449 -3435 -3427 -3421 -3413 -3405 -3396 -3386 -3377 -3352 -3320 -3290 -3270 -3252 -3258 -3265 -3237 -3204 -3151 -3107 -3076 -3059 -3086 -3084 -3087 -3088 -3080 -3071 -3024 -2972 -2930 -2884 -2876 -2808 -2719 -2691 -2695 -2661 -2619 -2589 -2551 -2556 -2581 -2590 -2546 -2493 -2408 -2289 -2138 -2111 -2167 -2204 -2174 -2125 -2070 -2022 -2009 -2002 -1952 -1870 -1792 -1762 -1701 -1630 -1575 -1509 -1468 -1444 -1424 -1404 -1352 -1266 -1217 -1177 -1146 -1109 -1062
-3557 -3556 -3547 -3538 -3532 -3528 -3523 -3517 -3511 -3506 -3501 -3493 -3485 -3474 -3462 -3442 -3430 -3426 -3419 -3404 -3393 -3386 -3377 -3368 -3352 -3323 -3278 -3235 -3204 -3185 -3172 -3165 -3146 -3124 -3110 -3105 -3097 -3100 -3116 -3136 -3106 -3084 -3068 -3041 -3017 -2962 -2893 -2842 -2811 -2801 -2779 -2748 -2737 -2742 -2761 -2722 -2655 -2586 -2541 -2428 -2341 -2248 -2237 -2204 -2237 -2321 -2291 -2200 -2134 -2094 -2073 -2082 -2084 -2041 -1997 -1947 -1776 -1711 -1637 -1600 -1553 -1501 -1474 -1462 -1438 -1402 -1341 -1246 -1196 -1175 -1142 -1099
-3564 -3556 -3550 -3543 -3534 -3529 -3522 -3517 -3512 -3504 -3497 -3488 -3480 -3469 -3462 -3440 -3428 -3426 -3419 -3405 -3392 -3385 -3373 -3363 -3353 -3344 -3324 -3287 -3249 -3206 -3182 -3172 -3163 -3164 -3156 -3157 -3164 -3178 -3174 -3208 -3124 -3105 -3070 -3032 -2995 -2943 -2904 -2898 -2904 -2872 -2830 -2826 -2849 -2837 -2772 -2674 -2588 -2503 -2425 -2382 -2352 -2333 -2307 -2290 -2411 -2366 -2248 -2145 -2125 -2134 -2158 -2191 -2155 -2089 -2000 -1896 -1788 -1736 -1701 -1690 -1649 -1566 -1513 -1494 -1469 -1417 -1340 -1281 -1241 -1206 -1177 -1132
